7.0,7.0
8.0,8.0
18.0,18.0
23.0,23.0
25.0,25.0
28.0,28.0
40.0,40.0
52.0,52.0
54.0,54.0
61.0,61.0
118.0,118.0
673.0,673.0
675.0,675.0
676.0,676.0
677.0,677.0
678.0,678.0
679.0,679.0
680.0,680.0
681.0,681.0
687.0,687.0
689.0,689.0
692.0,692.0
695.0,695.0
697.0,697.0
698.0,698.0
699.0,699.0
710.0,710.0
711.0,711.0
712.0,712.0
729.0,729.0
730.0,730.0
731.0,731.0
738.0,8216.0
738.0,11133.0
738.0,672.0
738.0,682.0
738.0,683.0
738.0,684.0
738.0,686.0
738.0,688.0
738.0,690.0
738.0,738.0
738.0,751.0
738.0,754.0
738.0,759.0
739.0,22.0
739.0,47.0
739.0,4674.0
739.0,18189.0
739.0,739.0
741.0,741.0
742.0,742.0
745.0,745.0
746.0,746.0
748.0,744.0
748.0,748.0
749.0,749.0
755.0,755.0
756.0,756.0
761.0,761.0
762.0,119.0
762.0,762.0
1777.0,1777.0
1785.0,1785.0
1786.0,12910.0
1786.0,1786.0
1793.0,1793.0
1807.0,45793.0
1807.0,29452.0
1807.0,29472.0
1807.0,4900.0
1807.0,1807.0
1825.0,1825.0
1825.0,19430.0
1833.0,1833.0
1834.0,1834.0
1842.0,32821.0
1842.0,45801.0
1842.0,29432.0
1842.0,1842.0
1848.0,1848.0
1859.0,1859.0
1871.0,1871.0
1875.0,1875.0
1882.0,1882.0
1883.0,1878.0
1883.0,1880.0
1883.0,1883.0
1883.0,1884.0
1883.0,752.0
1885.0,1885.0
1889.0,1889.0
1900.0,4759.0
1900.0,4911.0
1900.0,1774.0
1900.0,1827.0
1900.0,4426.0
1900.0,1872.0
1900.0,1900.0
1902.0,1902.0
1904.0,53249.0
1904.0,53250.0
1904.0,53251.0
1904.0,53252.0
1904.0,53253.0
1904.0,53254.0
1904.0,53256.0
1904.0,53257.0
1904.0,53258.0
1904.0,53259.0
1904.0,53260.0
1904.0,53261.0
1904.0,53262.0
1904.0,53263.0
1904.0,53264.0
1904.0,53265.0
1904.0,53267.0
1904.0,53269.0
1904.0,53271.0
1904.0,53274.0
1904.0,53275.0
1904.0,53277.0
1904.0,53278.0
1904.0,53279.0
1904.0,53280.0
1904.0,53281.0
1904.0,53282.0
1904.0,53283.0
1904.0,53284.0
1904.0,53285.0
1904.0,53286.0
1904.0,53287.0
1904.0,53289.0
1904.0,53290.0
1904.0,8235.0
1904.0,53292.0
1904.0,53293.0
1904.0,53294.0
1904.0,53296.0
1904.0,53298.0
1904.0,53299.0
1904.0,11196.0
1904.0,1886.0
1904.0,1904.0
1904.0,22163.0
1904.0,763.0
2068.0,2068.0
2921.0,2921.0
2921.0,19346.0
2926.0,2926.0
2927.0,2927.0
2937.0,2937.0
2952.0,2952.0
2966.0,2966.0
2967.0,2967.0
2970.0,2970.0
4675.0,4675.0
4692.0,4692.0
4692.0,45733.0
4692.0,4840.0
4692.0,9990.0
4692.0,1863.0
4713.0,4713.0
4713.0,4774.0
4713.0,4903.0
4713.0,4904.0
4713.0,2924.0
4713.0,2929.0
4713.0,2939.0
4713.0,1794.0
4758.0,4758.0
4767.0,4767.0
4771.0,4771.0
4776.0,4776.0
4905.0,4905.0
8494.0,8494.0
8924.0,16524.0
8924.0,29381.0
8924.0,694.0
8924.0,8924.0
9988.0,9988.0
11120.0,11120.0
11236.0,11236.0
12926.0,12926.0
19300.0,19300.0
19316.0,19298.0
19316.0,19316.0
19319.0,19299.0
19319.0,19301.0
19319.0,19306.0
19319.0,19307.0
19319.0,19314.0
19319.0,19315.0
19319.0,19317.0
19319.0,19318.0
19319.0,19319.0
19319.0,19320.0
19324.0,19324.0
19326.0,19326.0
19327.0,19327.0
19328.0,19328.0
19329.0,19329.0
19330.0,19330.0
19333.0,19333.0
19335.0,19335.0
19335.0,19337.0
19339.0,19339.0
19340.0,19331.0
19340.0,19332.0
19340.0,19334.0
19340.0,19340.0
19340.0,19343.0
19341.0,19341.0
19342.0,19338.0
19342.0,19342.0
19344.0,19344.0
19345.0,19345.0
19347.0,19347.0
19348.0,19348.0
19352.0,19349.0
19352.0,19352.0
19352.0,19353.0
19352.0,19355.0
19433.0,19433.0
24696.0,37547.0
24696.0,24696.0
24696.0,24697.0
29377.0,29377.0
29380.0,29380.0
29384.0,29384.0
29386.0,29386.0
29419.0,29419.0
29482.0,29482.0
29484.0,45715.0
29484.0,29484.0
29486.0,29486.0
37619.0,37619.0
45695.0,37465.0
45695.0,45695.0
45695.0,45845.0
45695.0,45853.0
45711.0,45711.0
45743.0,45743.0
45769.0,45769.0
45794.0,45794.0
45795.0,45795.0
45821.0,45821.0
45859.0,45859.0
45869.0,45869.0
67324.0,67324.0
72892.0,45728.0
72892.0,72892.0
72892.0,52186.0
72892.0,51890.0
73845.0,84845.0
73845.0,58015.0
73845.0,73842.0
73845.0,73843.0
73845.0,73845.0
73845.0,73850.0
76757.0,76757.0
76757.0,76773.0
76760.0,76760.0
76775.0,76775.0
